# Created by Octave 4.0.0, Mon Dec 09 19:38:53 2019 CET <user@user-HP-Notebook>
# name: absCor2
# type: matrix
# rows: 1
# columns: 4
 0.9711574705353125 0.9560634299783369 0.706823987068389 0.9759342787973271


