# Created by Octave 4.0.0, Mon Dec 09 19:38:53 2019 CET <user@user-HP-Notebook>
# name: absCorSpearman1
# type: matrix
# rows: 1
# columns: 4
 0.7832867476410587 0.7729834739786116 0.6298787338613578 0.7851587028994442


