# Created by Octave 4.0.0, Mon Dec 09 19:38:53 2019 CET <user@user-HP-Notebook>
# name: absCor1
# type: matrix
# rows: 1
# columns: 4
 0.9711574705353174 0.9560634299783374 0.7068239870683952 0.9759342787973277


