# Created by Octave 4.0.0, Mon Dec 09 19:38:53 2019 CET <user@user-HP-Notebook>
# name: r_rms
# type: matrix
# rows: 2
# columns: 4
 23.05986222824602 23.07354733084709 23.29835955120607 23.05552961419002
 118.6690731823529 118.6823728789345 118.9017682329267 118.6648639192924


